// PatSize	  TextSize	  Naive-RT	    KMP-RT
        10	     10000	      1794	      1292
       100	     10000	      1853	       809
      1000	     10000	       152	       571
        10	     20000	       701	      1307
       100	     20000	       481	       773
      1000	     20000	       331	      2182
     10000	     20000	       646	      1044
        10	     30000	       534	       339
       100	     30000	       344	       404
      1000	     30000	       451	       554
     10000	     30000	       380	       564
        10	     40000	       528	       525
       100	     40000	       515	       634
      1000	     40000	      1039	       492
     10000	     40000	       582	       791
        10	     50000	       650	       558
       100	     50000	       797	      1091
      1000	     50000	       758	       543
     10000	     50000	      1097	      1026
        10	     60000	       938	      1051
       100	     60000	       803	       627
      1000	     60000	       868	       864
     10000	     60000	       809	       900
        10	     70000	       997	      1123
       100	     70000	      1166	      1412
      1000	     70000	       861	      1139
     10000	     70000	      1481	      1105
        10	     80000	      1793	       836
       100	     80000	       914	       852
      1000	     80000	      1306	      1429
     10000	     80000	      1317	      2359
        10	     90000	      1539	      1366
       100	     90000	      1477	      1180
      1000	     90000	      2320	      4114
     10000	     90000	      1395	      1504
        10	    100000	      1424	      1141
       100	    100000	      1274	      1145
      1000	    100000	      1312	      1316
     10000	    100000	      1347	      1763
        10	    110000	      1561	      1181
       100	    110000	      1360	      1184
      1000	    110000	      1393	      1175
     10000	    110000	      1442	      1361
        10	    120000	      1685	      1252
       100	    120000	      1623	      1345
      1000	    120000	      1309	      1343
     10000	    120000	      1520	      1601
        10	    130000	      2071	      1451
       100	    130000	      1803	      1495
      1000	    130000	      2445	      1585
     10000	    130000	      1604	      1518
        10	    140000	      1772	      1635
       100	    140000	      1789	      1581
      1000	    140000	      1765	      1538
     10000	    140000	      2060	      1698
        10	    150000	      2173	      1630
       100	    150000	      1581	      1698
      1000	    150000	      1711	      1626
     10000	    150000	      1789	      1747
        10	    160000	      2394	      1756
       100	    160000	      1940	      1668
      1000	    160000	      1879	      1727
     10000	    160000	      2030	      1851
        10	    170000	      2328	      1801
       100	    170000	      2584	      1933
      1000	    170000	      2703	      1844
     10000	    170000	      2395	      1862
        10	    180000	      2485	      1887
       100	    180000	      2224	      2076
      1000	    180000	      1947	      2038
     10000	    180000	      2351	      2234
        10	    190000	      2412	      2049
       100	    190000	      2192	      2057
      1000	    190000	      2126	      2140
     10000	    190000	      2401	      2525
        10	    200000	      2970	      2189
       100	    200000	      2103	      2289
      1000	    200000	      2304	      2098
     10000	    200000	      2819	      2220
    100000	    200000	      5227	      3864
        10	    210000	      2748	      2370
       100	    210000	      2358	      2277
      1000	    210000	      2380	      2225
     10000	    210000	      2602	      2296
    100000	    210000	      4711	      6101
        10	    220000	      2837	      2468
       100	    220000	      2719	      2652
      1000	    220000	      2565	      2519
     10000	    220000	      2858	      2740
    100000	    220000	      4863	      5479
        10	    230000	      2892	      2480
       100	    230000	      2708	      2411
      1000	    230000	      2507	      2569
     10000	    230000	      2759	      2574
    100000	    230000	      5129	     10678
        10	    240000	      3078	      2666
       100	    240000	      2807	      2745
      1000	    240000	      2612	      2817
     10000	    240000	      2848	      2629
    100000	    240000	      5383	      3638
        10	    250000	      3962	      3842
       100	    250000	      3013	      2807
      1000	    250000	      2811	      2787
     10000	    250000	      2968	      3214
    100000	    250000	      5909	      3902
        10	    260000	      3250	      2712
       100	    260000	      2992	      2944
      1000	    260000	      2801	      2857
     10000	    260000	      3338	      2851
    100000	    260000	      5754	      3810
        10	    270000	      3322	      2850
       100	    270000	      2907	      2891
      1000	    270000	      2895	      2941
     10000	    270000	      3329	      2957
    100000	    270000	      6943	      3892
        10	    280000	      3864	      3116
       100	    280000	      3019	      3027
      1000	    280000	      3198	      3052
     10000	    280000	      3422	      3132
    100000	    280000	      6105	      3885
        10	    290000	      3901	      3153
       100	    290000	      3174	      3341
      1000	    290000	      3194	      3557
     10000	    290000	      4635	      3242
    100000	    290000	      6565	      3845
        10	    300000	      3857	      3559
       100	    300000	      3295	      3360
      1000	    300000	      3253	      4394
     10000	    300000	      3659	      3284
    100000	    300000	      6565	      4066
        10	    310000	      4393	      3313
       100	    310000	      3388	      3365
      1000	    310000	      3572	      3475
     10000	    310000	      4404	      3248
    100000	    310000	      7273	      4196
        10	    320000	      3907	      3698
       100	    320000	      3456	      3611
      1000	    320000	      3634	      3484
     10000	    320000	      3947	      3366
    100000	    320000	      7097	      4055
        10	    330000	      3771	      3593
       100	    330000	      3696	      3577
      1000	    330000	      3673	      3582
     10000	    330000	      3982	      3514
    100000	    330000	      7664	      4597
        10	    340000	      4043	      3868
       100	    340000	      4119	      3726
      1000	    340000	      4039	      3812
     10000	    340000	      4211	      3724
    100000	    340000	      7528	      4744
        10	    350000	      4266	      3829
       100	    350000	      3929	      3808
      1000	    350000	      3798	      3728
     10000	    350000	      5220	      3748
    100000	    350000	      8382	      6311
        10	    360000	      4274	      4025
       100	    360000	      3901	      3956
      1000	    360000	      4011	      3823
     10000	    360000	      4848	      4032
    100000	    360000	     10084	      4522
        10	    370000	      5634	      3980
       100	    370000	      4062	      3907
      1000	    370000	      4590	      4127
     10000	    370000	      4415	      4069
    100000	    370000	      9914	      4602
        10	    380000	      4899	      4002
       100	    380000	      4198	      5296
      1000	    380000	      4169	      8143
     10000	    380000	      4793	      4015
    100000	    380000	      8762	      4711
        10	    390000	      5260	      4229
       100	    390000	      4305	      4512
      1000	    390000	      4320	      4205
     10000	    390000	      4976	      4389
    100000	    390000	      9479	      6800
        10	    400000	      4646	      4237
       100	    400000	      4494	      4296
      1000	    400000	      4275	      4223
     10000	    400000	      4847	      6278
    100000	    400000	      9529	      5048
        10	    410000	      5197	      4668
       100	    410000	      6207	      4656
      1000	    410000	      7099	      4482
     10000	    410000	      5534	      5223
    100000	    410000	      9779	      4810
        10	    420000	      7192	      4556
       100	    420000	      4558	      4849
      1000	    420000	      4885	      4813
     10000	    420000	      5095	      4441
    100000	    420000	      9642	      6073
        10	    430000	      7255	      5393
       100	    430000	      5375	      4872
      1000	    430000	      5300	      4563
     10000	    430000	      5489	      5110
    100000	    430000	     11267	      7045
        10	    440000	      5670	      4980
       100	    440000	      5062	      4745
      1000	    440000	      5675	      6171
     10000	    440000	      5590	      5218
    100000	    440000	      9976	      4987
        10	    450000	      5818	      5677
       100	    450000	      6678	      5421
      1000	    450000	      5459	      5299
     10000	    450000	      6111	      5430
    100000	    450000	     11470	      5680
        10	    460000	      6267	      4917
       100	    460000	      5245	      4942
      1000	    460000	      4964	      5213
     10000	    460000	      5609	      4998
    100000	    460000	     10593	      5168
        10	    470000	      5783	      4924
       100	    470000	      5558	      5037
      1000	    470000	      5491	      5184
     10000	    470000	      5667	      4920
    100000	    470000	     10796	      5326
        10	    480000	      5640	      5266
       100	    480000	      5210	      5475
      1000	    480000	      5236	      5357
     10000	    480000	      5919	      4987
    100000	    480000	     10997	      5492
        10	    490000	      5703	      5792
       100	    490000	      6036	      5423
      1000	    490000	      6694	      5335
     10000	    490000	      6719	      5103
    100000	    490000	     12092	      5560
        10	    500000	      7912	      5338
       100	    500000	      7115	      5339
      1000	    500000	      6555	      5572
     10000	    500000	      7015	      5580
    100000	    500000	     13052	      5852
        10	    510000	      6817	      5469
       100	    510000	      6211	      5434
      1000	    510000	      5910	      5787
     10000	    510000	      6101	      5305
    100000	    510000	     11754	      7699
        10	    520000	      7045	      6129
       100	    520000	      5776	      6505
      1000	    520000	      5781	      6120
     10000	    520000	      6420	      5849
    100000	    520000	     14417	      6501
        10	    530000	      7249	      5958
       100	    530000	      5855	      6102
      1000	    530000	      5847	      6186
     10000	    530000	      6672	      5450
    100000	    530000	     12145	      5873
        10	    540000	      9442	      6670
       100	    540000	      6685	      6777
      1000	    540000	      8293	      5831
     10000	    540000	      6863	      5583
    100000	    540000	     15363	      6850
        10	    550000	      8106	      5979
       100	    550000	      6359	      5924
      1000	    550000	      6051	      6381
     10000	    550000	      7777	      7512
    100000	    550000	     25869	      7102
        10	    560000	      6670	      6068
       100	    560000	      6363	      6014
      1000	    560000	      6430	      5970
     10000	    560000	      7471	      7931
    100000	    560000	     16924	      6185
        10	    570000	      6971	      6443
       100	    570000	      6179	      6184
      1000	    570000	      6387	      6566
     10000	    570000	      6892	      6189
    100000	    570000	     13940	      7471
        10	    580000	      7436	     10203
       100	    580000	      6365	      9350
      1000	    580000	      6359	      7023
     10000	    580000	     12347	      6832
    100000	    580000	     21249	      7168
        10	    590000	      9041	      8508
       100	    590000	      7073	      8627
      1000	    590000	      6522	      9055
     10000	    590000	      7645	      9252
    100000	    590000	     14108	      6821
        10	    600000	      6961	      7103
       100	    600000	      6954	      6731
      1000	    600000	      6967	      6418
     10000	    600000	      7787	      6385
    100000	    600000	     14929	      8065
        10	    610000	      7419	      7267
       100	    610000	      7217	      7037
      1000	    610000	      7073	      6840
     10000	    610000	      7336	      6287
    100000	    610000	     16556	      6347
        10	    620000	      6766	     13260
       100	    620000	      6848	     10824
      1000	    620000	     11369	      7125
     10000	    620000	     12973	      6999
    100000	    620000	     26081	      7155
        10	    630000	      7788	      7357
       100	    630000	      7443	      7662
      1000	    630000	      7385	      6815
     10000	    630000	      8346	      6631
    100000	    630000	     16734	      8672
        10	    640000	      7516	      7101
       100	    640000	      8665	      9170
      1000	    640000	      8801	     10346
     10000	    640000	      9019	     12738
    100000	    640000	     16668	     10031
        10	    650000	      7654	      8671
       100	    650000	      7582	      9804
      1000	    650000	      8527	      9861
     10000	    650000	     15622	      6901
    100000	    650000	     20489	      9657
        10	    660000	      8168	      8714
       100	    660000	      8309	      7587
      1000	    660000	      7743	      8051
     10000	    660000	     10394	      9023
    100000	    660000	     18220	      8731
        10	    670000	      7389	      7434
       100	    670000	      7415	      8116
      1000	    670000	      7501	     10057
     10000	    670000	      8134	     10063
    100000	    670000	     20545	      6816
        10	    680000	      8460	      9061
       100	    680000	      8779	      9652
      1000	    680000	      7953	      8100
     10000	    680000	      8197	      7525
    100000	    680000	     17600	      8671
        10	    690000	      8120	      8539
       100	    690000	      7767	      7624
      1000	    690000	      8549	      7973
     10000	    690000	      8912	      7068
    100000	    690000	     16481	      8792
        10	    700000	      7805	      7881
       100	    700000	      7558	      8269
      1000	    700000	      9163	     10605
     10000	    700000	      8724	      9988
    100000	    700000	     15965	      7460
        10	    710000	      7723	      8542
       100	    710000	      7790	      8246
      1000	    710000	      9995	      8764
     10000	    710000	      9917	      8352
    100000	    710000	     16748	     12636
        10	    720000	      7671	      7989
       100	    720000	      7956	      8336
      1000	    720000	      8001	      8242
     10000	    720000	     10786	      8126
    100000	    720000	     25084	      7574
        10	    730000	      8254	      8714
       100	    730000	      9446	      9762
      1000	    730000	      8920	      8417
     10000	    730000	     10120	      8000
    100000	    730000	     20684	      9454
        10	    740000	      9413	      7819
       100	    740000	      8204	      8695
      1000	    740000	      8595	      8360
     10000	    740000	      9052	      7872
    100000	    740000	     17655	      7688
        10	    750000	      8447	      8270
       100	    750000	      8943	     11074
      1000	    750000	     11659	      8927
     10000	    750000	     12052	      8232
    100000	    750000	     23889	      7678
        10	    760000	      9750	      8745
       100	    760000	     10299	     11435
      1000	    760000	      9628	     10044
     10000	    760000	      9649	      9206
    100000	    760000	     20847	      9205
        10	    770000	      8646	      8216
       100	    770000	      8758	      8485
      1000	    770000	     10878	      8106
     10000	    770000	      9293	      8144
    100000	    770000	     19698	      9385
        10	    780000	      8906	      9603
       100	    780000	      8633	      9075
      1000	    780000	      8692	      8378
     10000	    780000	     11048	      8305
    100000	    780000	     21198	      8538
        10	    790000	      9862	      8521
       100	    790000	      9683	      9578
      1000	    790000	     10090	      9382
     10000	    790000	      9887	      9963
    100000	    790000	     21657	      9318
        10	    800000	      9978	      9385
       100	    800000	     10873	      8512
      1000	    800000	      9959	      9687
     10000	    800000	     10924	      8708
    100000	    800000	     21106	      9527
        10	    810000	     11686	      8777
       100	    810000	      9919	      8990
      1000	    810000	      8827	     14240
     10000	    810000	      9892	     13208
    100000	    810000	     18542	      7902
        10	    820000	      9712	      9994
       100	    820000	     11669	     10463
      1000	    820000	      9916	      8639
     10000	    820000	     11439	      8258
    100000	    820000	     21192	      7871
        10	    830000	     10349	     11520
       100	    830000	      8974	      8907
      1000	    830000	      9275	      9516
     10000	    830000	     11584	      8666
    100000	    830000	     31258	      8084
        10	    840000	      9547	      9483
       100	    840000	     10103	     11291
      1000	    840000	      9839	     12417
     10000	    840000	     11676	     12996
    100000	    840000	     19616	     14638
        10	    850000	     11117	     11418
       100	    850000	     10580	     12394
      1000	    850000	      9700	     11054
     10000	    850000	     16250	     10986
    100000	    850000	     34661	     10903
        10	    860000	     12192	      9680
       100	    860000	     10074	      9248
      1000	    860000	     10539	      9222
     10000	    860000	     11632	      8723
    100000	    860000	     26076	      9126
        10	    870000	      9966	      9154
       100	    870000	     10331	      9690
      1000	    870000	     10178	      9360
     10000	    870000	     11084	      9029
    100000	    870000	     20179	      9913
        10	    880000	      9721	      9918
       100	    880000	      9441	      9614
      1000	    880000	      9629	      9355
     10000	    880000	     11573	      9140
    100000	    880000	     20647	      9981
        10	    890000	      9466	      9394
       100	    890000	      9515	     12759
      1000	    890000	      9677	      9897
     10000	    890000	     14292	      9077
    100000	    890000	     20500	      9004
        10	    900000	     11570	      9837
       100	    900000	      9747	      9405
      1000	    900000	      9977	      9571
     10000	    900000	     11187	      9136
    100000	    900000	     25350	     10570
        10	    910000	      9636	      9600
       100	    910000	     10014	      9723
      1000	    910000	     10041	      9669
     10000	    910000	     10871	      9282
    100000	    910000	     21241	      9257
        10	    920000	      9807	     12415
       100	    920000	     10393	     11901
      1000	    920000	     10045	     12244
     10000	    920000	     12294	     11714
    100000	    920000	     29110	     13286
        10	    930000	     11214	     17745
       100	    930000	     10469	     16946
      1000	    930000	     10324	     15010
     10000	    930000	     11652	      9857
    100000	    930000	     31748	      9175
        10	    940000	     11599	     10382
       100	    940000	     10713	     12720
      1000	    940000	     10733	     10239
     10000	    940000	     14884	     10419
    100000	    940000	     30695	     10496
        10	    950000	     15416	     11445
       100	    950000	     12432	     11542
      1000	    950000	     13177	     11881
     10000	    950000	     11640	     10461
    100000	    950000	     21720	      8870
        10	    960000	     10275	     10629
       100	    960000	     12161	     13000
      1000	    960000	     12719	     14360
     10000	    960000	     13023	     11516
    100000	    960000	     22805	     10113
        10	    970000	     13649	     10361
       100	    970000	     11249	     10750
      1000	    970000	     10471	     10330
     10000	    970000	     12280	      9764
    100000	    970000	     24373	      9284
        10	    980000	     14741	     12511
       100	    980000	     14824	     11693
      1000	    980000	     14023	     10291
     10000	    980000	     18207	      9870
    100000	    980000	     23486	     10546
        10	    990000	     11001	     10635
       100	    990000	     10650	     10641
      1000	    990000	     10587	     10546
     10000	    990000	     13687	     10270
    100000	    990000	     22921	      9643
        10	   1000000	     11423	     10677
       100	   1000000	     11298	     10875
      1000	   1000000	     10917	     11211
     10000	   1000000	     12463	     10215
    100000	   1000000	     25058	      9107
        10	   1010000	     11210	     10962
       100	   1010000	     10691	     13857
      1000	   1010000	     11302	     11283
     10000	   1010000	     12157	     10319
    100000	   1010000	     23757	      9171
        10	   1020000	     11194	     15122
       100	   1020000	     11922	     12028
      1000	   1020000	     11637	     12198
     10000	   1020000	     13643	     10557
    100000	   1020000	     24021	     10600
        10	   1030000	     11439	     11431
       100	   1030000	     11043	     12268
      1000	   1030000	     11391	     11044
     10000	   1030000	     12925	     10708
    100000	   1030000	     27023	     10800
        10	   1040000	     12074	     12895
       100	   1040000	     11440	     12482
      1000	   1040000	     12185	     12657
     10000	   1040000	     14058	     11493
    100000	   1040000	     24880	      9412
        10	   1050000	     12194	     14979
       100	   1050000	     13918	     14554
      1000	   1050000	     13900	     14143
     10000	   1050000	     12669	     11360
    100000	   1050000	     30759	     10106
        10	   1060000	     12628	     11526
       100	   1060000	     12960	     11534
      1000	   1060000	     12764	     14620
     10000	   1060000	     15915	     12275
    100000	   1060000	     29457	     10647
        10	   1070000	     13570	     13373
       100	   1070000	     11693	     12579
      1000	   1070000	     12473	     11922
     10000	   1070000	     25063	     11312
    100000	   1070000	     33074	     10073
        10	   1080000	     13333	     12497
       100	   1080000	     11964	     11522
      1000	   1080000	     15017	     11751
     10000	   1080000	     17387	     11213
    100000	   1080000	     24879	      9671
        10	   1090000	     13797	     13075
       100	   1090000	     11857	     14231
      1000	   1090000	     12006	     14753
     10000	   1090000	     13591	     12275
    100000	   1090000	     33173	     12717
        10	   1100000	     14012	     15933
       100	   1100000	     13042	     13328
      1000	   1100000	     13778	     14173
     10000	   1100000	     16443	     13953
    100000	   1100000	     27167	     11950
        10	   1110000	     17087	     14082
       100	   1110000	     15600	     13247
      1000	   1110000	     14419	     12701
     10000	   1110000	     17246	     12873
    100000	   1110000	     27511	     10249
        10	   1120000	     15889	     12631
       100	   1120000	     13051	     12086
      1000	   1120000	     14742	     13111
     10000	   1120000	     10156	      8520
    100000	   1120000	     17247	      8008
        10	   1130000	     11961	     10135
       100	   1130000	      8716	     14645
      1000	   1130000	      9242	      9845
     10000	   1130000	      9801	      9247
    100000	   1130000	     17272	      7093
        10	   1140000	     12229	      9162
       100	   1140000	      9515	      9279
      1000	   1140000	      9049	      9716
     10000	   1140000	      9981	      8342
    100000	   1140000	     17546	      6724
        10	   1150000	     10244	      9903
       100	   1150000	      9400	      9479
      1000	   1150000	     11052	      9484
     10000	   1150000	     10734	      8739
    100000	   1150000	     32563	      6716
        10	   1160000	     11547	     10279
       100	   1160000	     12987	      9611
      1000	   1160000	     10567	      9584
     10000	   1160000	     12096	      8916
    100000	   1160000	     19506	      6500
        10	   1170000	     13954	      9616
       100	   1170000	     12677	      9661
      1000	   1170000	     12627	      9908
     10000	   1170000	     14189	      9166
    100000	   1170000	     28384	      7089
        10	   1180000	     19000	     10419
       100	   1180000	     14121	     11219
      1000	   1180000	     13701	     10581
     10000	   1180000	     16326	      9286
    100000	   1180000	     40235	      6910
        10	   1190000	     13041	      9835
       100	   1190000	     14297	     10010
      1000	   1190000	     14546	     10721
     10000	   1190000	     15381	      9945
    100000	   1190000	     27783	      9892
        10	   1200000	     20314	     11071
       100	   1200000	     13556	     10812
      1000	   1200000	     14183	     10814
     10000	   1200000	     15660	      9457
    100000	   1200000	     74112	      7030
        10	   1210000	     14529	     10766
       100	   1210000	     14450	     10553
      1000	   1210000	     13785	     10693
     10000	   1210000	     15325	      9649
    100000	   1210000	     28889	      8103
        10	   1220000	     14960	     10830
       100	   1220000	     13814	     10264
      1000	   1220000	     15430	     10766
     10000	   1220000	     17250	      9943
    100000	   1220000	     30232	      7967
        10	   1230000	     15371	     11022
       100	   1230000	     13576	     10551
      1000	   1230000	     13601	     12783
     10000	   1230000	     15214	     10080
    100000	   1230000	     29983	      7832
        10	   1240000	     15380	     11790
       100	   1240000	     14412	     10572
      1000	   1240000	     14460	     10707
     10000	   1240000	     15376	      9775
    100000	   1240000	     30346	      9304
        10	   1250000	     16798	     11470
       100	   1250000	     14063	     11584
      1000	   1250000	     14992	     10371
     10000	   1250000	     16359	      9887
    100000	   1250000	     41615	      7682
        10	   1260000	     14645	     11396
       100	   1260000	     19510	     11111
      1000	   1260000	     17945	     11122
     10000	   1260000	     15496	      9420
    100000	   1260000	     29196	      7117
        10	   1270000	     13587	     10512
       100	   1270000	     14492	     10904
      1000	   1270000	     13789	     10935
     10000	   1270000	     15690	     10643
    100000	   1270000	     29302	      7647
        10	   1280000	     14399	     12894
       100	   1280000	     13886	     12367
      1000	   1280000	     13873	     11728
     10000	   1280000	     15756	     10278
    100000	   1280000	     36974	      7985
        10	   1290000	     14166	     10637
       100	   1290000	     15296	     10751
      1000	   1290000	     15525	     10587
     10000	   1290000	     17340	      9814
    100000	   1290000	     32892	      8914
        10	   1300000	     15394	     12615
       100	   1300000	     14613	     10880
      1000	   1300000	     14307	     10527
     10000	   1300000	     15540	     10216
    100000	   1300000	     30407	      7250
        10	   1310000	     14665	     10537
       100	   1310000	     13968	     10876
      1000	   1310000	     14416	     10615
     10000	   1310000	     15811	     10263
    100000	   1310000	     30178	      7438
        10	   1320000	     14081	     11434
       100	   1320000	     13987	     11058
      1000	   1320000	     14413	     10905
     10000	   1320000	     18565	     10354
    100000	   1320000	     37706	      8579
        10	   1330000	     15195	     10927
       100	   1330000	     14718	     10926
      1000	   1330000	     16237	     10941
     10000	   1330000	     19597	     10420
    100000	   1330000	     30626	      8119
        10	   1340000	     16827	     11011
       100	   1340000	     14470	     11064
      1000	   1340000	     14674	     11263
     10000	   1340000	     15820	      9962
    100000	   1340000	     30831	      8777
        10	   1350000	     14490	     12209
       100	   1350000	     14371	     12809
      1000	   1350000	     16998	     10920
     10000	   1350000	     17538	     11010
    100000	   1350000	     32197	      7566
        10	   1360000	     15371	     11782
       100	   1360000	     14607	     11035
      1000	   1360000	     14939	     10955
     10000	   1360000	     16732	     10050
    100000	   1360000	     33654	      7626
        10	   1370000	     14617	     11220
       100	   1370000	     14985	     11189
      1000	   1370000	     15189	     14591
     10000	   1370000	     16586	     10215
    100000	   1370000	     31621	      7661
        10	   1380000	     14838	     12745
       100	   1380000	     14898	     13340
      1000	   1380000	     14881	     15642
     10000	   1380000	     16717	     13600
    100000	   1380000	     32390	     22043
        10	   1390000	     18128	     11713
       100	   1390000	     22737	     11805
      1000	   1390000	     23616	     11377
     10000	   1390000	     23782	     13187
    100000	   1390000	     37608	      8371
        10	   1400000	     16244	     11875
       100	   1400000	     15811	     11630
      1000	   1400000	     19660	     11420
     10000	   1400000	     16799	     10857
    100000	   1400000	     32644	      8017
        10	   1410000	     16300	     12020
       100	   1410000	     15170	     11576
      1000	   1410000	     15256	     11547
     10000	   1410000	     17191	     10598
    100000	   1410000	     33236	      7615
        10	   1420000	     15493	     12165
       100	   1420000	     15471	     16430
      1000	   1420000	     15678	     12897
     10000	   1420000	     16868	     11093
    100000	   1420000	     34216	      8844
        10	   1430000	     19001	     17714
       100	   1430000	     18038	     14419
      1000	   1430000	     22960	     13365
     10000	   1430000	     27341	     11230
    100000	   1430000	     41270	     11663
        10	   1440000	     17805	     12037
       100	   1440000	     15767	     11982
      1000	   1440000	     16423	     12317
     10000	   1440000	     19170	     10874
    100000	   1440000	     33742	      7816
        10	   1450000	     15589	     13550
       100	   1450000	     17033	     13454
      1000	   1450000	     17216	     12049
     10000	   1450000	     17791	     12048
    100000	   1450000	     36140	      8838
        10	   1460000	     17130	     12284
       100	   1460000	     16908	     13012
      1000	   1460000	     17436	     14521
     10000	   1460000	     19268	     14703
    100000	   1460000	     42313	      8337
        10	   1470000	     16795	     12963
       100	   1470000	     19318	     13197
      1000	   1470000	     16406	     12974
     10000	   1470000	     23328	     11385
    100000	   1470000	     47358	      9185
        10	   1480000	     17042	     13249
       100	   1480000	     16578	     14426
      1000	   1480000	     17878	     13604
     10000	   1480000	     20863	     12814
    100000	   1480000	     36929	     11641
        10	   1490000	     17807	     12923
       100	   1490000	     16585	     15665
      1000	   1490000	     17444	     12400
     10000	   1490000	     20889	     13202
    100000	   1490000	     37599	      9920
        10	   1500000	     18102	     14218
       100	   1500000	     21667	     12749
      1000	   1500000	     24880	     12674
     10000	   1500000	     27343	     12326
    100000	   1500000	     38549	     11514
        10	   1510000	     17667	     12890
       100	   1510000	     16982	     15642
      1000	   1510000	     17112	     14214
     10000	   1510000	     19078	     11557
    100000	   1510000	     38251	      8724
        10	   1520000	     17260	     13662
       100	   1520000	     19880	     12873
      1000	   1520000	     19461	     13662
     10000	   1520000	     19340	     11370
    100000	   1520000	     43350	      8631
        10	   1530000	     16172	     14913
       100	   1530000	     16438	     12897
      1000	   1530000	     16731	     12265
     10000	   1530000	     20209	     11540
    100000	   1530000	     42941	      8591
        10	   1540000	     16529	     13141
       100	   1540000	     17396	     13222
      1000	   1540000	     19703	     12436
     10000	   1540000	     20642	     11645
    100000	   1540000	     37200	      8821
        10	   1550000	     17418	     16760
       100	   1550000	     16371	     16604
      1000	   1550000	     16817	     12813
     10000	   1550000	     23898	     12179
    100000	   1550000	     38837	     10364
        10	   1560000	     16637	     19620
       100	   1560000	     19127	     18816
      1000	   1560000	     17578	     16875
     10000	   1560000	     22288	     12602
    100000	   1560000	     61527	      8621
        10	   1570000	     18407	     13713
       100	   1570000	     18442	     19873
      1000	   1570000	     17743	     21625
     10000	   1570000	     22007	     20932
    100000	   1570000	     37703	      8637
        10	   1580000	     17482	     12806
       100	   1580000	     22383	     12822
      1000	   1580000	     19951	     12919
     10000	   1580000	     20704	     11764
    100000	   1580000	     36633	     10107
        10	   1590000	     24892	     14805
       100	   1590000	     17283	     14257
      1000	   1590000	     19255	     12867
     10000	   1590000	     20884	     13178
    100000	   1590000	     41719	      9993
        10	   1600000	     19304	     14151
       100	   1600000	     18595	     14018
      1000	   1600000	     18711	     14123
     10000	   1600000	     20752	     12513
    100000	   1600000	     40606	      9419
        10	   1610000	     17788	     14972
       100	   1610000	     18320	     15921
      1000	   1610000	     23859	     13921
     10000	   1610000	     27003	     12755
    100000	   1610000	     40277	      9851
        10	   1620000	     21806	     15219
       100	   1620000	     19228	     13963
      1000	   1620000	     19245	     17915
     10000	   1620000	     19964	     12558
    100000	   1620000	     44979	      9370
        10	   1630000	     17968	     13286
       100	   1630000	     18368	     13680
      1000	   1630000	     18417	     13423
     10000	   1630000	     20110	     12196
    100000	   1630000	     37838	      8540
        10	   1640000	     17661	     13681
       100	   1640000	     17561	     14278
      1000	   1640000	     19404	     14196
     10000	   1640000	     22664	     12376
    100000	   1640000	     39341	      9219
        10	   1650000	     20116	     15702
       100	   1650000	     17947	     13706
      1000	   1650000	     18255	     13936
     10000	   1650000	     22071	     12227
    100000	   1650000	     38335	      8838
        10	   1660000	     18139	     13656
       100	   1660000	     17600	     13583
      1000	   1660000	     18284	     13567
     10000	   1660000	     20099	     12513
    100000	   1660000	     39983	      9161
        10	   1670000	     18143	     13819
       100	   1670000	     17790	     14536
      1000	   1670000	     18077	     13614
     10000	   1670000	     20095	     13254
    100000	   1670000	     43419	      8906
        10	   1680000	     18267	     13851
       100	   1680000	     18019	     14983
      1000	   1680000	     18429	     13885
     10000	   1680000	     22146	     13039
    100000	   1680000	     41012	      9181
        10	   1690000	     18079	     14019
       100	   1690000	     20775	     13711
      1000	   1690000	     18503	     13933
     10000	   1690000	     20234	     13167
    100000	   1690000	     39983	      8887
        10	   1700000	     18274	     14118
       100	   1700000	     18380	     14157
      1000	   1700000	     19500	     14094
     10000	   1700000	     20554	     12731
    100000	   1700000	     39935	      9289
        10	   1710000	     18925	     13983
       100	   1710000	     20686	     14441
      1000	   1710000	     20558	     15244
     10000	   1710000	     20859	     13171
    100000	   1710000	     41197	      9428
        10	   1720000	     18339	     14278
       100	   1720000	     18827	     15499
      1000	   1720000	     18855	     14525
     10000	   1720000	     20887	     12690
    100000	   1720000	     39932	      9251
        10	   1730000	     19187	     15187
       100	   1730000	     19032	     14350
      1000	   1730000	     18680	     14157
     10000	   1730000	     21036	     12763
    100000	   1730000	     40297	     10507
        10	   1740000	     22326	     14363
       100	   1740000	     18431	     14799
      1000	   1740000	     18945	     15174
     10000	   1740000	     22131	     13748
    100000	   1740000	     41240	     10037
        10	   1750000	     18822	     14437
       100	   1750000	     19015	     15444
      1000	   1750000	     19457	     14082
     10000	   1750000	     20880	     12718
    100000	   1750000	     41316	      9290
        10	   1760000	     19027	     14626
       100	   1760000	     18904	     14507
      1000	   1760000	     19004	     14295
     10000	   1760000	     21060	     13111
    100000	   1760000	     40839	      9143
        10	   1770000	     22650	     14779
       100	   1770000	     21765	     14974
      1000	   1770000	     19564	     16983
     10000	   1770000	     21143	     13010
    100000	   1770000	     40825	      9906
        10	   1780000	     19094	     15104
       100	   1780000	     19335	     14371
      1000	   1780000	     19310	     14420
     10000	   1780000	     21460	     13129
    100000	   1780000	     42923	      9565
        10	   1790000	     19313	     14739
       100	   1790000	     19193	     14804
      1000	   1790000	     19209	     14427
     10000	   1790000	     22205	     13554
    100000	   1790000	     42181	      9306
        10	   1800000	     19249	     19728
       100	   1800000	     21016	     19186
      1000	   1800000	     21567	     19840
     10000	   1800000	     21483	     17643
    100000	   1800000	     41673	     11575
        10	   1810000	     19220	     15331
       100	   1810000	     19291	     14787
      1000	   1810000	     20080	     14931
     10000	   1810000	     22466	     13436
    100000	   1810000	     47860	     10925
        10	   1820000	     19758	     14734
       100	   1820000	     20076	     14702
      1000	   1820000	     19913	     14611
     10000	   1820000	     22001	     13700
    100000	   1820000	     47854	      9614
        10	   1830000	     19739	     15192
       100	   1830000	     19683	     15639
      1000	   1830000	     20151	     15179
     10000	   1830000	     21920	     13674
    100000	   1830000	     44983	      9566
        10	   1840000	     20371	     15179
       100	   1840000	     22697	     15135
      1000	   1840000	     20339	     15104
     10000	   1840000	     23216	     13522
    100000	   1840000	     42618	     10151
        10	   1850000	     21185	     17173
       100	   1850000	     20697	     15185
      1000	   1850000	     23334	     15606
     10000	   1850000	     22101	     14452
    100000	   1850000	     43104	      9698
        10	   1860000	     19779	     15385
       100	   1860000	     19907	     15316
      1000	   1860000	     20881	     15192
     10000	   1860000	     22480	     13922
    100000	   1860000	     44941	     12376
        10	   1870000	     20837	     15525
       100	   1870000	     19935	     15212
      1000	   1870000	     20174	     15194
     10000	   1870000	     23079	     14126
    100000	   1870000	     43200	      9706
        10	   1880000	     21494	     15158
       100	   1880000	     20038	     15924
      1000	   1880000	     20451	     15219
     10000	   1880000	     22815	     14157
    100000	   1880000	     47909	      9591
        10	   1890000	     21118	     22391
       100	   1890000	     21773	     16616
      1000	   1890000	     21436	     27019
     10000	   1890000	     22673	     21669
    100000	   1890000	    180013	     21503
        10	   1900000	     64294	     16207
       100	   1900000	     27947	     25907
      1000	   1900000	     23928	     62178
     10000	   1900000	     63039	     22922
    100000	   1900000	     53287	     10344
        10	   1910000	     21266	     17682
       100	   1910000	     20848	     16705
      1000	   1910000	     20946	     16123
     10000	   1910000	     25491	     14808
    100000	   1910000	     67091	     16989
        10	   1920000	     20644	     15725
       100	   1920000	     22336	     15814
      1000	   1920000	     22857	     17795
     10000	   1920000	     29343	     15978
    100000	   1920000	     44922	     12330
        10	   1930000	     20794	     15753
       100	   1930000	     20781	     16056
      1000	   1930000	     20914	     17682
     10000	   1930000	     22990	     17148
    100000	   1930000	     49390	     13208
        10	   1940000	     27878	     15965
       100	   1940000	     22351	     18463
      1000	   1940000	     21011	     15912
     10000	   1940000	     24780	     14868
    100000	   1940000	     46956	     10468
        10	   1950000	     20963	     17238
       100	   1950000	     21774	     16266
      1000	   1950000	     22021	     16193
     10000	   1950000	     23556	     14297
    100000	   1950000	     45505	      9943
        10	   1960000	     20943	     16683
       100	   1960000	     20881	     16154
      1000	   1960000	     24650	     17316
     10000	   1960000	     26253	     14463
    100000	   1960000	     45789	     10085
        10	   1970000	     22431	     19393
       100	   1970000	     21305	     16231
      1000	   1970000	     21740	     16390
     10000	   1970000	     27265	     14455
    100000	   1970000	     46080	     10333
        10	   1980000	     20923	     16245
       100	   1980000	     21029	     16655
      1000	   1980000	     24087	     16157
     10000	   1980000	     24160	     18244
    100000	   1980000	     45837	     10381
        10	   1990000	     21528	     16243
       100	   1990000	     21125	     16472
      1000	   1990000	     21689	     18498
     10000	   1990000	     31170	     14891
    100000	   1990000	     46919	     10876
        10	   2000000	     21255	     16413
       100	   2000000	     21359	     17207
      1000	   2000000	     27139	     21036
     10000	   2000000	     26224	     16638
    100000	   2000000	     46690	     10399
   1000000	   2000000	    218637	     27580
        10	   2010000	     21780	     16599
       100	   2010000	     21494	     16393
      1000	   2010000	     22325	     16892
     10000	   2010000	     24380	     18288
    100000	   2010000	     46368	     12614
   1000000	   2010000	    221904	     31203
        10	   2020000	     25166	     16493
       100	   2020000	     21619	     16652
      1000	   2020000	     21784	     16282
     10000	   2020000	     24612	     15305
    100000	   2020000	     47343	     10489
   1000000	   2020000	    238562	     25545
        10	   2030000	     24634	     16580
       100	   2030000	     22489	     16487
      1000	   2030000	     21977	     16694
     10000	   2030000	     25387	     15241
    100000	   2030000	     47226	     10554
   1000000	   2030000	    232642	     25737
        10	   2040000	     23248	     16880
       100	   2040000	     22214	     16460
      1000	   2040000	     22303	     17162
     10000	   2040000	     24154	     17533
    100000	   2040000	     49818	     10694
   1000000	   2040000	    249606	     25645
        10	   2050000	     24094	     17298
       100	   2050000	     21711	     16816
      1000	   2050000	     22779	     17645
     10000	   2050000	     25045	     15168
    100000	   2050000	     48578	     10978
   1000000	   2050000	    224063	     25691
        10	   2060000	     23951	     19430
       100	   2060000	     24849	     16747
      1000	   2060000	     22168	     17233
     10000	   2060000	     26739	     15242
    100000	   2060000	     48337	     11490
   1000000	   2060000	    241574	     25670
        10	   2070000	     22176	     19936
       100	   2070000	     22163	     16859
      1000	   2070000	     27651	     16925
     10000	   2070000	     26009	     15112
    100000	   2070000	     50648	     10584
   1000000	   2070000	    255591	     26601
        10	   2080000	     23917	     16972
       100	   2080000	     22888	     17642
      1000	   2080000	     22516	     17589
     10000	   2080000	     25060	     15504
    100000	   2080000	     48658	     11011
   1000000	   2080000	    251175	     26226
        10	   2090000	     23863	     17200
       100	   2090000	     22365	     22177
      1000	   2090000	     23138	     16979
     10000	   2090000	     25601	     16056
    100000	   2090000	     53152	     12239
   1000000	   2090000	    236360	     26988
        10	   2100000	     23773	     17222
       100	   2100000	     27238	     23758
      1000	   2100000	     23727	     26196
     10000	   2100000	     26632	     23730
    100000	   2100000	     52564	     10950
   1000000	   2100000	    307086	     30714
        10	   2110000	     22895	     17704
       100	   2110000	     24859	     18298
      1000	   2110000	     23289	     18565
     10000	   2110000	     25299	     16108
    100000	   2110000	     52315	     10911
   1000000	   2110000	    232135	     24690
        10	   2120000	     24136	     20768
       100	   2120000	     23547	     19549
      1000	   2120000	     23548	     21905
     10000	   2120000	     25445	     17925
    100000	   2120000	     58172	     10768
   1000000	   2120000	    284185	     24282
        10	   2130000	     23218	     17569
       100	   2130000	     22706	     17942
      1000	   2130000	     23606	     17419
     10000	   2130000	     25932	     19603
    100000	   2130000	     49892	     11176
   1000000	   2130000	    236546	     25735
        10	   2140000	     23363	     21405
       100	   2140000	     22794	     19696
      1000	   2140000	     23245	     18166
     10000	   2140000	     26122	     15866
    100000	   2140000	     50169	     12846
   1000000	   2140000	    291359	     27260
        10	   2150000	     25590	     18018
       100	   2150000	     23010	     17906
      1000	   2150000	     23687	     19783
     10000	   2150000	     27734	     15718
    100000	   2150000	     53256	     11322
   1000000	   2150000	    260691	     25734
        10	   2160000	     24184	     18239
       100	   2160000	     24168	     20185
      1000	   2160000	     23575	     17875
     10000	   2160000	     29934	     23282
    100000	   2160000	     52031	     17518
   1000000	   2160000	    242357	     36871
        10	   2170000	     23142	     18028
       100	   2170000	     31733	     19289
      1000	   2170000	     25774	     30548
     10000	   2170000	     49235	     20984
    100000	   2170000	     94872	     11727
   1000000	   2170000	    299075	     28062
        10	   2180000	     29368	     18055
       100	   2180000	     23985	     21687
      1000	   2180000	     24348	     18217
     10000	   2180000	     26270	     16101
    100000	   2180000	     51545	     11665
   1000000	   2180000	    262335	     25510
        10	   2190000	     25894	     18187
       100	   2190000	     24865	     18710
      1000	   2190000	     24758	     19810
     10000	   2190000	     27118	     16917
    100000	   2190000	     51501	     11413
   1000000	   2190000	    271663	     24871
        10	   2200000	     25976	     18148
       100	   2200000	     25068	     19925
      1000	   2200000	     24814	     17920
     10000	   2200000	     27847	     16414
    100000	   2200000	     53619	     11393
   1000000	   2200000	    247107	     24817
        10	   2210000	     23453	     18298
       100	   2210000	     23817	     21212
      1000	   2210000	     24753	     18913
     10000	   2210000	     27015	     16267
    100000	   2210000	     51407	     11795
   1000000	   2210000	    256022	     25038
        10	   2220000	     25912	     18198
       100	   2220000	     23858	     18364
      1000	   2220000	     24207	     18142
     10000	   2220000	     27672	     17044
    100000	   2220000	     59800	     11326
   1000000	   2220000	    272148	     25766
        10	   2230000	     23816	     18586
       100	   2230000	     24164	     18337
      1000	   2230000	     27842	     18263
     10000	   2230000	     29585	     18576
    100000	   2230000	     52245	     11510
   1000000	   2230000	    249713	     25690
        10	   2240000	     24569	     19774
       100	   2240000	     26525	     18253
      1000	   2240000	     32269	     18719
     10000	   2240000	     32216	     19078
    100000	   2240000	     55092	     11409
   1000000	   2240000	    254347	     25692
        10	   2250000	     25680	     18686
       100	   2250000	     24706	     19221
      1000	   2250000	     24643	     18123
     10000	   2250000	     26980	     17289
    100000	   2250000	     54098	     11395
   1000000	   2250000	    284825	     27333
        10	   2260000	     24354	     18472
       100	   2260000	     25170	     19191
      1000	   2260000	     28974	     18265
     10000	   2260000	     26856	     16893
    100000	   2260000	     55806	     11471
   1000000	   2260000	    254192	     25038
        10	   2270000	     36829	     18948
       100	   2270000	     25277	     23860
      1000	   2270000	     24583	     20049
     10000	   2270000	     28777	     18130
    100000	   2270000	     52883	     11940
   1000000	   2270000	    259237	     25836
        10	   2280000	     25408	     18464
       100	   2280000	     24531	     18513
      1000	   2280000	     24605	     18940
     10000	   2280000	     27233	     16766
    100000	   2280000	     56212	     11541
   1000000	   2280000	    267761	     26475
        10	   2290000	     27581	     19289
       100	   2290000	     28137	     19963
      1000	   2290000	     24649	     19325
     10000	   2290000	     27822	     17918
    100000	   2290000	     58214	     12133
   1000000	   2290000	    353927	     25396
        10	   2300000	     24515	     19051
       100	   2300000	     24928	     18736
      1000	   2300000	     25107	     18855
     10000	   2300000	     28007	     17155
    100000	   2300000	     54470	     11922
   1000000	   2300000	    260560	     26864
        10	   2310000	     24557	     19299
       100	   2310000	     24577	     19049
      1000	   2310000	     25137	     18655
     10000	   2310000	     27379	     17168
    100000	   2310000	     54395	     12365
   1000000	   2310000	    260750	     25631
        10	   2320000	     26217	     18913
       100	   2320000	     25267	     19040
      1000	   2320000	     25116	     18783
     10000	   2320000	     29096	     17782
    100000	   2320000	     54187	     12006
   1000000	   2320000	    332117	     25105
        10	   2330000	     25158	     18982
       100	   2330000	     26230	     19187
      1000	   2330000	     25673	     21729
     10000	   2330000	     30258	     16954
    100000	   2330000	     54263	     12015
   1000000	   2330000	    278594	     25551
        10	   2340000	     26842	     19363
       100	   2340000	     25536	     19451
      1000	   2340000	     27428	     19399
     10000	   2340000	     29638	     17544
    100000	   2340000	     55629	     11876
   1000000	   2340000	    266662	     26752
        10	   2350000	     25276	     19199
       100	   2350000	     26026	     19441
      1000	   2350000	     25314	     19059
     10000	   2350000	     28497	     17843
    100000	   2350000	     56242	     11920
   1000000	   2350000	    267394	     25577
        10	   2360000	     26744	     19247
       100	   2360000	     25242	     19365
      1000	   2360000	     25664	     19873
     10000	   2360000	     28164	     18189
    100000	   2360000	     61508	     12497
   1000000	   2360000	    287996	     26197
        10	   2370000	     25831	     19421
       100	   2370000	     27087	     19852
      1000	   2370000	     25802	     19492
     10000	   2370000	     28466	     17220
    100000	   2370000	     56040	     11787
   1000000	   2370000	    274468	     26334
        10	   2380000	     26932	     19623
       100	   2380000	     26985	     21610
      1000	   2380000	     25733	     19239
     10000	   2380000	     30151	     17999
    100000	   2380000	     55843	     12116
   1000000	   2380000	    272461	     26083
        10	   2390000	     25597	     19930
       100	   2390000	     25364	     23542
      1000	   2390000	     25824	     20317
     10000	   2390000	     30572	     21962
    100000	   2390000	     57441	     13012
   1000000	   2390000	    306175	     26323
        10	   2400000	     27354	     24029
       100	   2400000	     25828	     20409
      1000	   2400000	     25791	     20763
     10000	   2400000	     28744	     18739
    100000	   2400000	     56441	     12453
   1000000	   2400000	    360982	     26022
        10	   2410000	     25927	     21333
       100	   2410000	     26165	     20501
      1000	   2410000	     26577	     19746
     10000	   2410000	     29277	     17718
    100000	   2410000	     59407	     12090
   1000000	   2410000	    324086	     28067
        10	   2420000	     25778	     20078
       100	   2420000	     26252	     19997
      1000	   2420000	     26164	     20485
     10000	   2420000	     30971	     18869
    100000	   2420000	     73825	     13883
   1000000	   2420000	    281354	     25850
        10	   2430000	     27105	     20251
       100	   2430000	     26616	     19974
      1000	   2430000	     30685	     19727
     10000	   2430000	     29891	     17953
    100000	   2430000	     64842	     12405
   1000000	   2430000	    307713	     27105
        10	   2440000	     27588	     19834
       100	   2440000	     26031	     20651
      1000	   2440000	     27600	     25582
     10000	   2440000	     30989	     18448
    100000	   2440000	     57240	     12223
   1000000	   2440000	    280425	     27260
        10	   2450000	     28928	     20485
       100	   2450000	     26562	     19977
      1000	   2450000	     28687	     20978
     10000	   2450000	     30929	     18276
    100000	   2450000	     57166	     12763
   1000000	   2450000	    284311	     26187
        10	   2460000	     26262	     21403
       100	   2460000	     26723	     20558
      1000	   2460000	     26599	     19895
     10000	   2460000	     29485	     18090
    100000	   2460000	     66251	     13031
   1000000	   2460000	    284757	     26996
        10	   2470000	     29656	     20591
       100	   2470000	     26633	     26866
      1000	   2470000	     28779	     24434
     10000	   2470000	     29642	     24143
    100000	   2470000	     59624	     12821
   1000000	   2470000	    310221	     27542
        10	   2480000	     26743	     21090
       100	   2480000	     27407	     20129
      1000	   2480000	     31960	     20405
     10000	   2480000	     29407	     18551
    100000	   2480000	     59150	     12393
   1000000	   2480000	    286547	     26974
        10	   2490000	     26578	     20724
       100	   2490000	     26342	     22549
      1000	   2490000	     26982	     20301
     10000	   2490000	     32203	     18350
    100000	   2490000	     58791	     12548
   1000000	   2490000	    285955	     26134
        10	   2500000	     28126	     20648
       100	   2500000	     32368	     20937
      1000	   2500000	     27624	     20339
     10000	   2500000	     29831	     18909
    100000	   2500000	     58190	     12826
   1000000	   2500000	    320419	     27453
        10	   2510000	     26685	     20763
       100	   2510000	     26778	     20548
      1000	   2510000	     26856	     22817
     10000	   2510000	     30021	     18805
    100000	   2510000	     58908	     13257
   1000000	   2510000	    295414	     27704
        10	   2520000	     28720	     27484
       100	   2520000	     27025	     21439
      1000	   2520000	     27492	     20884
     10000	   2520000	     32431	     20598
    100000	   2520000	     58912	     12491
   1000000	   2520000	    300377	     27009
        10	   2530000	     30833	     20730
       100	   2530000	     27021	     20580
      1000	   2530000	     28307	     21056
     10000	   2530000	     31001	     19466
    100000	   2530000	     59597	     12943
   1000000	   2530000	    292983	     26790
        10	   2540000	     29076	     20776
       100	   2540000	     29299	     21001
      1000	   2540000	     33910	     20701
     10000	   2540000	     48765	     18995
    100000	   2540000	     69657	     13707
   1000000	   2540000	    346036	     26205
        10	   2550000	     33487	     20766
       100	   2550000	     27259	     20700
      1000	   2550000	     32409	     21005
     10000	   2550000	     33552	     20858
    100000	   2550000	     74199	     12890
   1000000	   2550000	    310805	     26623
        10	   2560000	     30410	     21201
       100	   2560000	     28024	     21147
      1000	   2560000	     29725	     20840
     10000	   2560000	     35485	     18921
    100000	   2560000	     61042	     12729
   1000000	   2560000	    308140	     26964
        10	   2570000	     27308	     21321
       100	   2570000	     27603	     21039
      1000	   2570000	     27660	     24806
     10000	   2570000	     30592	     19114
    100000	   2570000	     77450	     12896
   1000000	   2570000	    300250	     27069
        10	   2580000	     31130	     22047
       100	   2580000	     28359	     21222
      1000	   2580000	     29002	     21689
     10000	   2580000	     30967	     18916
    100000	   2580000	     63322	     13386
   1000000	   2580000	    324089	     26795
        10	   2590000	     28802	     21552
       100	   2590000	     27911	     21325
      1000	   2590000	     28191	     21797
     10000	   2590000	     32094	     19230
    100000	   2590000	     60074	     12737
   1000000	   2590000	    298236	     28273
        10	   2600000	     28058	     22802
       100	   2600000	     28299	     26920
      1000	   2600000	     27857	     26294
     10000	   2600000	     30921	     19803
    100000	   2600000	     61017	     14843
   1000000	   2600000	    355115	     27092
