//            PatSize	     Ratio
               10000	  0.094800
               20000	  0.085300
               30000	  0.019133
               40000	  0.053475
               50000	  0.012740
               60000	  0.012150
               70000	  0.012429
               80000	  0.011788
               90000	  0.012133
              100000	  0.011020
              110000	  0.010473
              120000	  0.013183
              130000	  0.012877
              140000	  0.013107
              150000	  0.012027
              160000	  0.012156
              170000	  0.013771
              180000	  0.013600
              190000	  0.011137
              200000	  0.019515
              210000	  0.014476
              220000	  0.016150
              230000	  0.023887
              240000	  0.011583
              250000	  0.012496
              260000	  0.011827
              270000	  0.012700
              280000	  0.013664
              290000	  0.012048
              300000	  0.010043
              310000	  0.019116
              320000	  0.010419
              330000	  0.010391
              340000	  0.010356
              350000	  0.014649
              360000	  0.010019
              370000	  0.009665
              380000	  0.010079
              390000	  0.014238
              400000	  0.010745
              410000	  0.009695
              420000	  0.011067
              430000	  0.012895
              440000	  0.011266
              450000	  0.009522
              460000	  0.010030
              470000	  0.013817
              480000	  0.009917
              490000	  0.009537
              500000	  0.010358
              510000	  0.012296
              520000	  0.010090
              530000	  0.010079
              540000	  0.010213
              550000	  0.011596
              560000	  0.011627
              570000	  0.010025
              580000	  0.009603
              590000	  0.009768
              600000	  0.011113
              610000	  0.010195
              620000	  0.009879
              630000	  0.009825
              640000	  0.011030
              650000	  0.009986
              660000	  0.009692
              670000	  0.010266
              680000	  0.010032
              690000	  0.010217
              700000	  0.009953
              710000	  0.009820
              720000	  0.009767
              730000	  0.009968
              740000	  0.011545
              750000	  0.012316
              760000	  0.010288
              770000	  0.010736
              780000	  0.010686
              790000	  0.010992
              800000	  0.011925
              810000	  0.012685
              820000	  0.010806
              830000	  0.013717
              840000	  0.021692
              850000	  0.010464
              860000	  0.010631
              870000	  0.014409
              880000	  0.010434
              890000	  0.013446
              900000	  0.010448
              910000	  0.010116
              920000	  0.010004
              930000	  0.010154
              940000	  0.011993
              950000	  0.010066
              960000	  0.010121
              970000	  0.010307
              980000	  0.010860
              990000	  0.010051
             1000000	  0.010169
Ignoring ratios before cross over point: 240000
Sorted ratios are: 
  0.009522,   0.009537,   0.009603,   0.009665,   0.009692, 
  0.009695,   0.009767,   0.009768,   0.009820,   0.009825, 
  0.009879,   0.009917,   0.009953,   0.009968,   0.009986, 
  0.010004,   0.010019,   0.010025,   0.010030,   0.010032, 
  0.010043,   0.010051,   0.010066,   0.010079,   0.010079, 
  0.010090,   0.010116,   0.010121,   0.010154,   0.010169, 
  0.010195,   0.010213,   0.010217,   0.010266,   0.010288, 
  0.010307,   0.010356,   0.010358,   0.010391,   0.010419, 
  0.010434,   0.010448,   0.010464,   0.010473,   0.010631, 
  0.010686,   0.010736,   0.010745,   0.010806,   0.010860, 
  0.010992,   0.011020,   0.011030,   0.011067,   0.011113, 
  0.011137,   0.011266,   0.011545,   0.011583,   0.011596, 
  0.011627,   0.011788,   0.011827,   0.011925,   0.011993, 
  0.012027,   0.012048,   0.012133,   0.012150,   0.012156, 
  0.012296,   0.012316,   0.012429,   0.012496,   0.012685, 
  0.012700
Maximum ratio is:   0.012700
Average ratio is:   0.010709
